pm1_travel_time_delay
---
[np.float64(45.146143754342596), np.float64(2.7655614101004713)]
---

pm1_travel_time_nodelay
---
[np.float64(33.03222951325029), np.float64(0.0785490138251459)]
---

pm1_incidents
---
[np.float64(0.751854481346109), np.float64(0.03503328499742018)]
---

pm2_cars_stuck
---
[3.67991319e-01 3.47525890e-03 4.85470897e-03 1.90697697e-03
 1.93313801e-03 2.01012076e-03 1.91268115e-03 1.90948823e-03
 1.78647151e-03 1.78407610e-03 1.46230924e-03 1.81986536e-03
 1.55106029e-03 3.04726929e-03 1.37078613e-03 1.45773861e-03
 1.42696247e-03 1.26148457e-03 1.24914354e-03 1.07662897e-03
 1.16557793e-03 1.23741221e-03 1.45985534e-03 1.29664058e-03
 1.44597255e-03 1.27216248e-03 1.30561795e-03 1.38815767e-03
 1.23852655e-03 1.10410789e-03 1.08664599e-03 1.21841149e-03
 1.10108716e-03 1.04922934e-03 1.09003527e-03 1.10421719e-03
 1.19667004e-03 1.00516169e-03 1.06480803e-03 1.10323207e-03
 1.07730377e-03 1.06441319e-03 1.15938055e-03 1.11560216e-03
 1.04979692e-03 1.00344563e-03 1.13024469e-03 1.15491655e-03
 1.03031979e-03 1.04342231e-03 1.08143929e-03 9.85146001e-04
 1.07770398e-03 1.01630580e-03 1.07327739e-03 9.74135140e-04
 1.04909683e-03 1.07059796e-03 1.03999593e-03 1.07366406e-03
 9.72109653e-04 9.74995694e-04 9.81485085e-04 1.05105256e-03
 1.00864720e-03 9.43068048e-04 1.18993066e-03 9.86291912e-04
 9.91979693e-04 1.03514565e-03 9.67620652e-04 9.70443543e-04
 9.99771309e-04 9.59718295e-04 9.94758449e-04 8.90379826e-04
 9.47077429e-04 7.92522318e-04 8.79019368e-04 8.39667786e-04
 8.90826092e-04 8.29953744e-04 8.70715711e-04 8.49752881e-04
 8.54433730e-04 8.44716148e-04 8.26663062e-04 9.03701895e-04
 8.25975920e-04 8.26319038e-04 8.26505906e-04 7.86210424e-04
 7.50268746e-04 7.41838767e-04 7.73706971e-04 7.61193081e-04
 7.60839170e-04 8.01051104e-04 7.29921290e-04 6.82147485e-04
 7.58392547e-04 7.33788798e-04 7.25916288e-04 7.31870907e-04
 7.03429744e-04 6.85995094e-04 8.27176646e-04 8.58798333e-04
 6.22718112e-04 7.08754396e-04 7.62736564e-04 6.95432161e-04
 7.72570590e-04 7.26515021e-04 6.49590921e-04 7.36111437e-04
 6.80417398e-04 6.82072247e-04 6.70675724e-04 7.21545948e-04
 7.03546800e-04 6.48754816e-04 6.58952599e-04 6.40127563e-04
 6.43685666e-04 6.81029973e-04 8.42164240e-04 6.29568692e-04
 6.73003770e-04 6.72932688e-04 6.07993165e-04 6.97314369e-04
 8.92709542e-04 6.62689573e-04 7.01598255e-04 6.78215211e-04
 6.50805309e-04 6.64360022e-04 6.82185297e-04 6.21503808e-04
 6.47067802e-04 6.21916397e-04 5.90289531e-04 5.69010119e-04
 6.29978779e-04 6.46621840e-04 5.58244369e-04 5.73234403e-04
 5.50675811e-04 5.84649965e-04 5.34010104e-04 5.67616665e-04
 5.19146141e-04 5.34350885e-04 5.44873220e-04 5.75815110e-04
 6.01517256e-04 5.77850664e-04 5.82486439e-04 5.72974573e-04
 5.36599212e-04 5.02402653e-04 5.16455219e-04 5.24449614e-04
 5.25738626e-04 5.32692385e-04 5.55579978e-04 5.10893011e-04
 4.83744522e-04 5.09976970e-04 5.46543673e-04 5.74410018e-04
 5.68263678e-04 5.96856789e-04 5.36599544e-04 5.40766200e-04
 5.00130027e-04 5.32800785e-04 4.84503730e-04 5.07315550e-04
 5.15767629e-04 4.90345883e-04 5.39513383e-04 5.04260567e-04
 5.49041353e-04 5.23477693e-04 5.27753701e-04 4.94903306e-04
 4.91388073e-04 5.20652881e-04 5.08606085e-04 4.91283055e-04
 5.55903898e-04 5.42261839e-04 5.28261852e-04 5.12465990e-04
 4.89995718e-04 5.21437764e-04 4.91651754e-04 5.17606267e-04
 4.97712140e-04 5.10699676e-04 5.30463485e-04 4.92597118e-04
 4.89348267e-04 5.44779752e-04 5.51548548e-04 4.79661596e-04
 5.07228024e-04 4.87722876e-04 4.62850903e-04 4.65549678e-04
 4.79456298e-04 5.30684699e-04 4.54349905e-04 4.85650923e-04
 4.72487756e-04 4.49538382e-04 4.37811860e-04 4.36258827e-04
 4.51822686e-04 4.38669504e-04 4.53817948e-04 4.33058427e-04
 4.58483469e-04 4.64865076e-04 3.94172458e-04 3.91458261e-04
 4.28906715e-04 4.24577845e-04 4.42312388e-04 4.00433978e-04
 3.94925051e-04 4.05757363e-04 4.35390809e-04 4.42213583e-04
 4.31156310e-04 4.09523646e-04 3.95052712e-04 4.18792532e-04
 3.78327898e-04 3.75028279e-04 4.00084522e-04 4.35640493e-04
 4.18071273e-04 4.18868449e-04 4.02469691e-04 3.77336449e-04
 4.38835742e-04 4.03909818e-04 3.91356777e-04 4.05094142e-04
 4.10559763e-04 3.61792531e-04 3.73976361e-04 3.59177092e-04
 3.95106142e-04 4.07739050e-04 3.98723559e-04 3.87178866e-04
 3.87084018e-04 4.12382438e-04 4.08209356e-04 3.82070049e-04
 4.09864452e-04 4.04650983e-04 4.09949726e-04 3.82971622e-04
 4.03729495e-04 4.21467575e-04 4.34318683e-04 3.94114111e-04
 3.46340021e-04 3.94602963e-04 4.06939142e-04 3.56623866e-04
 3.97689296e-04 3.75548480e-04 3.87437325e-04 3.84431186e-04
 3.90816258e-04 3.69490518e-04 4.35639195e-04 3.93047162e-04
 4.00633032e-04 3.98236418e-04 3.90692895e-04 4.16694957e-04
 3.62789849e-04 4.00865589e-04 3.65204417e-04 3.68093036e-04
 3.87679043e-04 3.42818998e-04 3.87447327e-04 3.70106137e-04
 3.55929030e-04 3.73763551e-04 3.72110424e-04 3.90014698e-04
 4.03978797e-04 3.58746290e-04 3.35637695e-04 3.84665051e-04
 4.28200715e-04 3.97108401e-04 3.46524249e-04 3.73103803e-04
 3.67429701e-04 4.39389617e-04 4.59751887e-04 3.83284420e-04
 3.62833957e-04 3.63402361e-04 3.79742833e-04 3.70314647e-04
 3.86012048e-04 3.59712631e-04 3.81377868e-04 3.72126085e-04
 3.24681746e-04 3.40054001e-04 3.78138790e-04 3.34331554e-04
 3.60607585e-04 3.34235327e-04 3.05566218e-04 3.47820906e-04
 3.60687370e-04 3.48715975e-04 3.70715250e-04 3.85247749e-04
 3.51810459e-04 3.41546527e-04 3.59618597e-04 3.65455958e-04
 3.69080723e-04 3.65945116e-04 3.80390975e-04 3.52957923e-04
 4.39325289e-04 3.89568119e-04 4.00194351e-04 3.89834727e-04
 3.95684529e-04 3.95275690e-04 4.41204248e-04 3.83472691e-04
 4.21748276e-04 4.19802457e-04 3.87652242e-04 4.45169011e-04
 4.06726960e-04 3.97069855e-04 3.85319018e-04 3.73700448e-04
 3.84393690e-04 3.49103197e-04 3.43607920e-04 3.46844087e-04
 3.48317794e-04 3.75881213e-04 4.13226747e-04 3.71888080e-04
 3.64917805e-04 3.92211367e-04 3.90702059e-04 3.71565918e-04
 3.55299887e-04 3.54464520e-04 3.78269200e-04 3.67404885e-04
 3.48031574e-04 3.92412997e-04 3.66335288e-04 3.42125432e-04
 3.53922861e-04 3.52760997e-04 3.67512194e-04 3.53461232e-04
 3.61925652e-04 3.81954433e-04 3.64198637e-04 3.32417415e-04
 3.33904992e-04 3.38157291e-04 3.75145780e-04 3.08286813e-04
 3.41343460e-04 3.49671859e-04 3.40048263e-04 3.43140296e-04
 3.23273610e-04 3.11484306e-04 3.01525962e-04 3.09419190e-04
 3.18502431e-04 3.17590470e-04 3.25590049e-04 3.60415373e-04
 3.22684509e-04 3.02889181e-04 3.34758390e-04 3.47770442e-04
 3.33999488e-04 3.44538195e-04 3.05721851e-04 2.95758843e-04
 3.33436613e-04 2.92645010e-04 3.14984428e-04 3.17578401e-04
 3.25022321e-04 3.33525092e-04 3.02473936e-04 3.26589890e-04
 3.28265135e-04 3.39002387e-04 3.12214813e-04 3.15299192e-04
 3.43360215e-04 3.41133320e-04 3.47358130e-04 3.42170753e-04
 3.50824857e-04 3.53917337e-04 3.37042869e-04 3.26758436e-04
 3.27152351e-04 3.26246712e-04 2.99357033e-04 3.33605496e-04
 3.35362213e-04 3.11272677e-04 3.16786392e-04 3.29121543e-04
 3.31054831e-04 3.38970297e-04 3.75000964e-04 3.45753364e-04
 3.28413731e-04 3.52426971e-04 3.45359157e-04 4.07467535e-04
 3.41740472e-04 3.65203274e-04 3.78986246e-04 3.44660581e-04
 3.46340527e-04 3.47731087e-04 3.26712148e-04 4.28626642e-04
 3.76536274e-04 3.86958298e-04 3.64559084e-04 3.54279515e-04
 3.76133708e-04 3.30664289e-04 3.45757213e-04 3.58124058e-04
 3.62813195e-04 3.58508675e-04 3.65704922e-04 3.61671564e-04
 3.82557057e-04 3.77275783e-04 3.31446455e-04 3.60051297e-04
 3.36156796e-04 3.22421762e-04 3.09857179e-04 3.23301228e-04
 3.18009217e-04 3.10062312e-04 3.25229343e-04 3.39807612e-04
 3.28854660e-04 3.71724740e-04 3.39558189e-04 3.13897174e-04
 3.38968151e-04 3.04200993e-04 3.31390313e-04 3.08561943e-04
 2.93907773e-04 3.19280441e-04 2.76453860e-04 2.46951272e-04
 2.67127924e-04 2.72723023e-04 2.75586835e-04 2.70304786e-04
 2.44051146e-04 2.64016167e-04 2.69409707e-04 2.93665338e-04
 3.16030824e-04 3.03349824e-04 3.03774193e-04 3.17937106e-04
 3.44081298e-04 3.09258391e-04 3.38351823e-04 3.33545737e-04
 3.36453163e-04 3.26705717e-04 3.49774168e-04 3.08982435e-04
 3.41626827e-04 3.28175962e-04 3.70881004e-04 3.50475342e-04
 3.33877775e-04 3.34576977e-04 3.68592364e-04 3.37126726e-04
 3.53990613e-04 3.15787973e-04 3.03093349e-04 3.18997238e-04
 2.90931933e-04 2.84238666e-04 3.00073622e-04 3.18598781e-04
 3.19634597e-04 2.92818875e-04 3.14730807e-04 3.09358628e-04
 2.96365642e-04 2.66856687e-04 2.84937938e-04 2.67334079e-04
 3.03678642e-04 2.95154904e-04 2.78870490e-04 3.02401424e-04
 2.62294940e-04 3.12915745e-04 2.77054262e-04 2.76411683e-04
 2.78728327e-04 2.81062576e-04 2.92941632e-04 2.73572204e-04
 3.12894130e-04 2.78978116e-04 2.81055215e-04 2.74896990e-04
 2.59943417e-04 2.52967044e-04 2.85277229e-04 2.69069877e-04
 2.84189486e-04 2.92282257e-04 2.76018894e-04 2.99901629e-04
 2.74673811e-04 2.80477356e-04 2.82601512e-04 2.79233761e-04
 2.92831997e-04 2.97570602e-04 2.92732961e-04 2.72490031e-04
 2.95599578e-04 3.05809617e-04 2.94515104e-04 2.96678086e-04
 2.83459291e-04 2.91647907e-04 3.10217805e-04 2.90381016e-04
 2.96167115e-04 2.86406470e-04 3.11848054e-04 3.03371814e-04
 3.04557715e-04 3.10944526e-04 3.18016059e-04 2.78779528e-04
 2.97002101e-04 3.06727904e-04 3.11248009e-04 3.06862840e-04
 2.72500414e-04 2.84057650e-04 2.81441431e-04 3.08364731e-04
 2.83561815e-04 2.71531347e-04 2.75874607e-04 2.92338921e-04
 2.97899780e-04 2.65185534e-04 2.81846329e-04 2.77005252e-04
 2.70662730e-04 2.99745883e-04 2.97009993e-04 2.68417107e-04
 2.58044749e-04 2.72489856e-04 2.80835852e-04 2.84329232e-04
 2.86523617e-04 2.91337012e-04 2.91255912e-04 2.66429726e-04
 3.00656455e-04 2.77494761e-04 2.78876658e-04 2.85929106e-04
 2.90002095e-04 3.01326797e-04 3.16922526e-04 3.09309297e-04
 3.03858164e-04 2.87051177e-04 2.92658930e-04 2.78894257e-04
 3.05156285e-04 2.84601149e-04 2.77684449e-04 2.68703383e-04
 2.92634197e-04 2.69745194e-04 2.67127366e-04 2.69268539e-04
 2.66085478e-04 2.39890078e-04 2.62340736e-04 2.55903527e-04
 2.54546668e-04 2.80905633e-04 2.79729443e-04 2.61350682e-04
 2.71386347e-04 2.73925206e-04 2.50375104e-04 2.62228612e-04
 2.58672934e-04 2.66674329e-04 2.55612128e-04 2.66993990e-04
 2.74986620e-04 2.69164352e-04 2.71212415e-04 2.74423755e-04
 2.94873059e-04 2.74066731e-04 2.94994062e-04 2.80277392e-04
 2.93257802e-04 2.89030169e-04 2.80680329e-04 2.64309394e-04
 2.82460711e-04 2.76010099e-04 2.75157137e-04 3.03006867e-04
 2.87800218e-04 2.86429180e-04 2.72797147e-04 2.66195488e-04
 2.89938139e-04 2.89170660e-04 2.66930777e-04 2.62171018e-04
 2.70431340e-04 2.71590536e-04 2.88029071e-04 2.78931812e-04
 2.76374523e-04 2.66303498e-04 2.71731976e-04 2.95771781e-04
 2.86179967e-04 2.68824487e-04 2.71470022e-04 2.61151639e-04
 2.89030257e-04 2.81766952e-04 2.76661848e-04 3.02660912e-04
 2.94051213e-04 3.10975240e-04 2.80181090e-04 3.04582122e-04
 3.01068378e-04 2.98042403e-04 2.85174017e-04 2.94752078e-04
 2.56116682e-04 2.63441999e-04 2.65698958e-04 2.72782211e-04
 2.76156578e-04 2.53228632e-04 2.82015014e-04 2.71199292e-04
 2.52247382e-04 2.86390637e-04 2.76234309e-04 2.78551523e-04
 2.93112842e-04 2.96772003e-04 2.75776039e-04 2.68578935e-04
 2.86769922e-04 3.05195086e-04 2.96789405e-04 3.01483186e-04
 2.92111856e-04 3.11761708e-04 3.04768443e-04 3.15980585e-04
 3.19276051e-04 3.28704376e-04 3.30872635e-04 3.14400429e-04
 3.10779517e-04 2.98701378e-04 2.87906706e-04 3.38667284e-04
 3.12648138e-04 3.13046274e-04 3.28767701e-04 3.28722484e-04
 3.10130788e-04 2.76988867e-04 2.91540459e-04 2.87225594e-04
 3.10494162e-04 3.35057076e-04 3.04094222e-04 3.06523960e-04
 2.95876422e-04 2.73337814e-04 2.88325089e-04 2.79173810e-04
 3.08053636e-04 3.07984387e-04 3.40153795e-04 2.83729239e-04
 2.90389613e-04 2.83389094e-04 3.06684876e-04 2.88614678e-04
 3.18496343e-04 2.74839586e-04 2.62245293e-04 2.90072553e-04
 3.12144614e-04 2.87184619e-04 2.87993099e-04 2.86410730e-04
 2.83419549e-04 2.85944476e-04 2.85991055e-04 3.02753526e-04
 3.08770212e-04 2.87925787e-04 3.20936330e-04 3.08236182e-04
 2.83297277e-04 2.80473186e-04 2.48809079e-04 2.71200852e-04
 2.83580825e-04 2.65669858e-04 2.59543984e-04 2.48631664e-04
 2.58284380e-04 2.43666316e-04 2.39286950e-04 2.50137361e-04
 2.50493954e-04 2.61795482e-04 2.79020707e-04 2.53101896e-04
 2.61232481e-04 2.73761834e-04 2.62406576e-04 2.61904048e-04
 2.91085151e-04 2.88747979e-04 2.98290644e-04 3.06806163e-04
 2.80998426e-04 2.87253354e-04 2.53060799e-04 2.55331423e-04
 3.05465512e-04 3.11409730e-04 2.72901376e-04 2.97039020e-04
 2.49872744e-04 2.69123853e-04 2.58251333e-04 2.76626701e-04
 2.97684471e-04 2.76874748e-04 2.79790005e-04 2.71456253e-04
 2.80983035e-04 2.65942911e-04 2.78320260e-04 2.77251451e-04
 2.60000807e-04 2.61548850e-04 2.86923062e-04 2.49032171e-04
 2.64516385e-04 2.60439008e-04 2.70658846e-04 2.62071341e-04
 2.85915667e-04 2.77144648e-04 2.72978443e-04 2.89715998e-04
 2.59665043e-04 2.55668493e-04 2.58459395e-04 2.50350484e-04
 2.63337896e-04 2.98706441e-04 3.36326310e-04 2.72617836e-04
 2.76620723e-04 2.65367172e-04 2.93152306e-04 2.62839928e-04
 2.93583705e-04 2.71409665e-04 2.65087967e-04 2.84081588e-04
 2.76037558e-04 2.73786849e-04 2.60158248e-04 2.73787237e-04
 2.54731183e-04 2.49980402e-04 2.80859299e-04 2.51128261e-04
 2.85712128e-04 2.89942562e-04 2.66577301e-04 2.71976239e-04
 2.88411719e-04 2.74138606e-04 2.82220190e-04 2.77593855e-04
 2.84757996e-04 2.63937691e-04 2.70192738e-04 2.64371601e-04
 2.66988585e-04 2.45321488e-04 2.74819772e-04 2.69706772e-04
 2.53612032e-04 2.72573500e-04 2.53503453e-04 2.59948240e-04
 2.60034455e-04 2.42570091e-04 2.47405140e-04 2.59729007e-04
 2.52626130e-04 2.51941815e-04 2.45236337e-04 2.80313066e-04
 2.35327007e-04 2.49883613e-04 2.38364296e-04 2.48295064e-04
 2.42955743e-04 2.59125123e-04 2.46284405e-04 2.59454807e-04
 2.42739277e-04 2.67002435e-04 2.27228232e-04 2.41412032e-04
 2.66382223e-04 2.50981488e-04 2.46323100e-04 2.59178887e-04
 2.58927780e-04 2.55403630e-04 2.78452976e-04 2.44261169e-04
 2.61780565e-04 2.55939377e-04 2.67562901e-04 2.57446274e-04
 2.74107637e-04 2.71595345e-04 2.61407728e-04 2.50531293e-04
 2.43758285e-04 2.48253727e-04 2.58426601e-04 2.86446419e-04
 2.44345244e-04 2.49726339e-04 2.63572105e-04 2.37717211e-04
 2.95340156e-04 2.94622002e-04 2.84727594e-04 2.77948521e-04
 2.56884434e-04 2.54674765e-04 2.47244369e-04 2.60267323e-04
 2.53525087e-04 2.61658782e-04 2.59103784e-04 2.60307411e-04
 2.60506371e-04 2.65616779e-04 2.52589880e-04 2.74962626e-04
 2.55654599e-04 2.46534516e-04 2.56814251e-04 2.56444086e-04
 2.83073329e-04 2.90064544e-04 3.13272883e-04 2.96409604e-04
 2.95458846e-04 2.92797687e-04 2.66548629e-04 2.59761132e-04
 2.63445570e-04 2.55472769e-04 2.50764916e-04 2.44737860e-04
 2.40421946e-04 2.45946671e-04 2.50453071e-04 2.40365016e-04
 2.35752632e-04 2.38448191e-04 2.20942226e-04 2.32930719e-04
 2.36446475e-04 2.33081633e-04 2.29681606e-04 2.34392681e-04
 2.45501494e-04 2.32722436e-04 2.33743072e-04 2.35869271e-04
 2.32683106e-04 2.37900009e-04 2.42855251e-04 2.44504000e-04
 2.28584922e-04 2.22842571e-04 2.29454339e-04 2.20543305e-04
 2.25413409e-04 2.36324247e-04 2.23327881e-04 2.43948559e-04
 2.37754556e-04 2.55875284e-04 2.55979613e-04 2.58434728e-04
 2.52178095e-04 2.53715176e-04 2.47985958e-04 2.39329857e-04
 2.20853091e-04 2.30506887e-04 2.31757809e-04 2.33448939e-04
 2.33289424e-04 2.43946144e-04 2.43347536e-04 2.45775233e-04
 2.33369337e-04 2.35101025e-04 2.24176163e-04 2.26999818e-04
 2.54839310e-04 2.54619299e-04 2.52842143e-04 2.36619341e-04
 2.68221281e-04 2.46338200e-04 2.43873989e-04 2.43257005e-04
 2.54958497e-04 2.55427575e-04 2.42656909e-04 2.35385779e-04
 2.35344034e-04 2.26990718e-04 2.35147229e-04 2.40979742e-04
 2.48924214e-04 2.46852315e-04 2.59095023e-04 2.70491014e-04
 2.59988664e-04 2.50493177e-04 2.60832766e-04 2.57746849e-04
 2.46803876e-04 2.42220553e-04 2.49177515e-04 2.55009520e-04
 2.47624500e-04 2.62505552e-04 2.49082383e-04 2.42547736e-04
 2.42613452e-04 2.61453447e-04 2.39420487e-04 2.49094487e-04
 2.59697805e-04 2.62721581e-04 2.49357838e-04 2.40992939e-04
 2.34760545e-04 2.50351667e-04 2.38140639e-04 2.33025156e-04
 2.37472964e-04 2.23684710e-04 2.46917447e-04 2.34328570e-04
 2.62297465e-04 2.55880774e-04 2.21750802e-04 2.35493121e-04
 2.22209865e-04 2.21990229e-04 2.27099909e-04 2.35076051e-04
 2.32456871e-04 2.43063826e-04 2.67566341e-04 2.57527746e-04
 2.34201417e-04 2.54165679e-04 2.39438127e-04 2.39837944e-04
 2.35927396e-04 2.32225461e-04 2.21407263e-04 2.19774802e-04
 2.09733068e-04 2.35484121e-04 2.23026651e-04 2.25813558e-04
 2.25991576e-04 2.25802597e-04 2.32004139e-04 2.36022652e-04
 2.20122514e-04 2.20853406e-04 2.36738185e-04 2.32132230e-04
 2.34143504e-04 2.33513699e-04 2.25400787e-04 2.28803932e-04
 2.38076793e-04 2.39497511e-04 2.37046700e-04 2.35079716e-04
 2.28823932e-04 2.14682766e-04 2.25812482e-04 2.19245319e-04
 2.36630865e-04 2.31945908e-04 2.31789440e-04 2.43668705e-04
 2.42804807e-04 2.35925503e-04 2.32182080e-04 2.19898430e-04
 2.32232859e-04 2.20587603e-04 2.26633594e-04 2.42313101e-04
 2.28906325e-04 2.37245677e-04 2.46738733e-04 2.14814479e-04
 2.28346955e-04 2.48305223e-04 2.37896743e-04 2.38613899e-04
 2.36589184e-04 2.29071018e-04 2.26665146e-04 2.26527904e-04
 2.15650537e-04 2.15745470e-04 2.21808253e-04 2.23889757e-04
 2.23104657e-04 2.14480504e-04 2.36728526e-04 2.33387028e-04
 2.32338996e-04 2.36356107e-04 2.42083939e-04 2.41636574e-04
 2.37485195e-04 2.37085021e-04 2.33112915e-04 2.45697083e-04
 2.56984350e-04 2.51291928e-04 2.33980774e-04 2.24782476e-04
 2.23108077e-04 2.28636758e-04 2.35550904e-04 2.32775991e-04
 2.35232506e-04 2.47691383e-04 2.38880235e-04 2.39763682e-04
 2.39526192e-04 2.41366581e-04 2.38553812e-04 2.43074557e-04
 2.51731581e-04 2.36641434e-04 2.26385189e-04 2.40194843e-04
 2.37084231e-04 2.37692156e-04 2.38273316e-04 2.38914562e-04
 2.29864441e-04 2.20157384e-04 2.18873941e-04 2.14484480e-04
 2.10830038e-04 2.23614035e-04 2.15170880e-04 2.07660825e-04
 2.13666084e-04 2.06360314e-04 2.20242267e-04 2.16586532e-04
 2.07119467e-04 2.04629989e-04 2.25216925e-04 2.10295050e-04
 2.04065421e-04 2.08440213e-04 2.07643097e-04 2.22860125e-04
 2.24738498e-04 2.14237107e-04 2.10067716e-04 2.28780487e-04
 2.15732425e-04 2.51366134e-04 2.17541444e-04 2.19788889e-04
 2.20709196e-04 2.05356398e-04 2.26190248e-04 2.33673463e-04
 2.27400670e-04 2.21210937e-04 2.33475973e-04 2.25789167e-04
 2.30211290e-04 2.43603395e-04 2.52583162e-04 2.37710228e-04
 2.47426721e-04 2.44879094e-04 2.42294345e-04 2.30012857e-04
 2.22711735e-04 2.17606589e-04 2.12319669e-04 2.18888387e-04
 2.06809884e-04 2.11610236e-04 2.13530886e-04 2.11337751e-04
 2.12212778e-04 2.13917298e-04 2.14370482e-04 2.12711306e-04
 2.11422933e-04 2.17911464e-04 2.23742976e-04 2.16316480e-04
 2.26926523e-04 2.31782046e-04 2.24822805e-04 2.02363150e-04
 2.02786527e-04 1.94278009e-04 2.12957083e-04 2.16504071e-04
 2.11150376e-04 2.10514232e-04 2.04738822e-04 2.14103785e-04
 2.08072029e-04 2.24281505e-04 2.20072039e-04 2.14962241e-04
 2.20875298e-04 2.32856319e-04 2.12435762e-04 2.14030770e-04
 2.06767174e-04 2.13064733e-04 2.07510205e-04 2.13942018e-04
 2.09775429e-04 2.16097622e-04 2.01379688e-04 2.02090444e-04
 2.15711390e-04 2.16901560e-04 2.25915798e-04 2.17050239e-04
 2.19739605e-04 2.12778550e-04 2.22753582e-04 2.22264252e-04
 2.16800917e-04 2.15099675e-04 2.11218182e-04 2.10527970e-04
 2.00928364e-04 2.15488140e-04 2.15782591e-04 2.19864902e-04
 2.34115519e-04 2.25634349e-04 2.36968253e-04 2.25491923e-04
 2.55579586e-04 2.38447550e-04 2.32552617e-04 2.19473754e-04
 2.29701202e-04 2.11547339e-04 2.08116024e-04 2.26581491e-04
 2.25696554e-04 2.22426806e-04 2.14089102e-04 2.10504435e-04
 2.06285567e-04 2.12681509e-04 2.02345886e-04 2.12531252e-04
 2.17872162e-04 2.20996622e-04 2.29999611e-04 2.12494547e-04
 2.20701199e-04 2.13148307e-04 2.16481497e-04 2.14378392e-04
 2.32608248e-04 2.45562097e-04 2.44748551e-04 2.35523908e-04
 2.58167766e-04 2.30374236e-04 2.35778207e-04 2.29058984e-04
 2.29945402e-04 2.31446962e-04 2.25928624e-04 2.36426866e-04
 2.28629752e-04 2.41013436e-04 2.17245493e-04 2.06010734e-04
 2.07157274e-04 2.02110971e-04 2.10140903e-04 2.03970626e-04
 2.07977414e-04 2.28736033e-04 2.05399844e-04 2.17716168e-04
 2.33857949e-04 2.33010576e-04 2.29034225e-04 2.25641223e-04
 2.13789407e-04 2.05736200e-04 2.11972664e-04 2.16546402e-04
 2.20997795e-04 2.15061674e-04 2.18841283e-04 2.19745015e-04
 2.18659158e-04 2.33467254e-04 2.31869247e-04 2.24040395e-04
 2.29797786e-04 2.30703714e-04 2.46317428e-04 2.41391634e-04
 2.31425912e-04 2.28633624e-04 2.21591170e-04 2.41080871e-04
 2.28707985e-04 2.34650589e-04 2.35130442e-04 2.34206531e-04
 2.22127564e-04 2.39172598e-04 2.26788013e-04 2.28982005e-04
 2.31007609e-04 2.34240758e-04 2.27468818e-04 2.25218406e-04
 2.27537054e-04 2.16765575e-04 2.12420577e-04 2.21863410e-04
 2.32372691e-04 2.30071085e-04 2.31290725e-04 2.25173865e-04
 2.34891445e-04 2.33812718e-04 2.23552601e-04 2.32121472e-04
 2.30515138e-04 2.27998957e-04 2.29262706e-04 2.25484391e-04
 2.25975962e-04 2.21714377e-04 2.15589535e-04 2.18674891e-04
 2.16914452e-04 2.07106429e-04 2.03297327e-04 2.13349911e-04
 2.07040185e-04 2.22945853e-04 2.20507571e-04 2.13424431e-04
 2.02156648e-04 1.98830315e-04 1.98511223e-04 2.05822507e-04
 1.96243854e-04 2.03334621e-04 2.01453443e-04 2.02093799e-04
 1.90915653e-04 1.99834458e-04 1.93071064e-04 1.91410431e-04
 1.98143011e-04 1.97153263e-04 1.97335462e-04 1.96571330e-04
 2.04751584e-04 1.96469130e-04 1.94513135e-04 2.05287998e-04
 2.01201653e-04 1.94883490e-04 1.92668303e-04 1.94589845e-04
 1.85892000e-04 1.90077797e-04 1.96615136e-04 1.83611484e-04
 1.80012782e-04 1.94414392e-04 1.98744731e-04 2.00694888e-04
 2.03280341e-04 1.90903995e-04 2.01506448e-04 1.98138676e-04
 2.01593890e-04 2.04919991e-04 2.02893456e-04 2.04470491e-04
 2.07744589e-04 2.10858921e-04 2.08450364e-04 2.03770056e-04
 2.03602735e-04 2.01754322e-04 2.03695464e-04 1.94205198e-04
 2.02004754e-04 1.96119096e-04 2.03504008e-04 1.96709049e-04
 1.95632825e-04 1.91933997e-04 1.92263584e-04 2.02792188e-04
 2.06320113e-04 2.04962503e-04 2.08040554e-04 2.09391329e-04
 2.10484733e-04 2.17223975e-04 2.11455387e-04 2.18490162e-04
 2.09106043e-04 2.14791937e-04 2.22441827e-04 2.11770084e-04
 2.07833054e-04 2.02927203e-04 2.01165068e-04 2.15262045e-04
 2.17120271e-04 2.17182113e-04 2.15344989e-04 2.17288566e-04
 2.15213274e-04 2.20742207e-04 2.17375791e-04 2.14162042e-04
 1.94105034e-04 2.01678091e-04 2.02930897e-04 2.02285123e-04
 1.97759858e-04 1.86605761e-04 1.89348367e-04 1.80549930e-04
 1.97571978e-04 1.88696901e-04 1.84286809e-04 1.85203799e-04
 1.82274163e-04 1.94617757e-04 1.81946151e-04 2.00395102e-04
 1.86288547e-04 1.91150317e-04 2.00015234e-04 1.98932054e-04
 2.05576882e-04 1.83009185e-04 1.84195084e-04 1.74613847e-04
 1.71222193e-04 1.98909821e-04 1.76251699e-04 1.89025556e-04
 1.82843490e-04 1.80616547e-04 1.70826500e-04 1.81805851e-04
 1.76201343e-04 1.78184422e-04 1.69715882e-04 1.74770488e-04
 1.79813465e-04 1.79244960e-04 1.74914703e-04 1.82794029e-04
 1.88030036e-04 1.88942249e-04 1.90733245e-04 1.85609852e-04
 1.88737881e-04 1.85509438e-04 1.96716491e-04 1.84866828e-04
 1.89511604e-04 1.91622830e-04 1.77423110e-04 1.88469422e-04
 1.85342963e-04 1.81694500e-04 1.90700465e-04 1.93959865e-04
 1.86787195e-04 2.07193323e-04 2.01534487e-04 2.02823416e-04
 2.11595867e-04 1.92274665e-04 2.08469657e-04 2.09476261e-04
 1.95852273e-04 1.88652824e-04 1.89534449e-04 1.86585082e-04
 1.98021443e-04 1.87527295e-04 1.85334285e-04 1.89287315e-04
 1.85702292e-04 1.95588540e-04 1.91446192e-04 1.98975149e-04
 1.88793729e-04 1.87668685e-04 1.81248097e-04 1.72445927e-04
 1.76163232e-04 1.79858250e-04 1.70919010e-04 1.70503948e-04
 1.76208996e-04 1.79120510e-04 1.82183577e-04 1.69471450e-04
 1.77417988e-04 1.79593602e-04 1.68638784e-04 1.59860533e-04
 1.69532789e-04 1.72521048e-04 1.70652440e-04 1.76539722e-04
 1.75176907e-04 1.73246946e-04 1.92910469e-04 1.64006753e-04
 1.65025028e-04 1.70408985e-04 1.78929388e-04 1.71740654e-04
 1.77606732e-04 1.68203739e-04 1.72646042e-04 1.68620321e-04
 1.69284134e-04 1.67197605e-04 1.55690660e-04 1.50232395e-04
 1.48187702e-04 1.54383778e-04 1.52866454e-04 1.55413263e-04
 1.51875009e-04 1.53743676e-04 1.43886862e-04 1.51590497e-04
 1.55995584e-04 1.52010749e-04 1.51375298e-04 1.57868544e-04
 1.61908830e-04 1.66244551e-04 1.57168446e-04 1.63504307e-04
 1.52484855e-04 1.63630838e-04 1.60793535e-04 1.61845115e-04
 1.57883727e-04 1.60636116e-04 1.51746793e-04 1.57320134e-04
 1.55957550e-04 1.60507441e-04 1.60380871e-04 1.54571686e-04
 1.58461018e-04 1.51917596e-04 1.55687595e-04 1.49820585e-04
 1.60879352e-04 1.64070676e-04 1.69871216e-04 1.57477687e-04
 1.59519753e-04 1.49897122e-04 1.47798519e-04 1.69547687e-04
 1.45482753e-04 1.50001348e-04 1.53969432e-04 1.59071452e-04
 1.50632172e-04 1.45992576e-04 1.42840882e-04 1.54493004e-04
 1.72929013e-04 1.54706743e-04 1.54652564e-04 1.52690304e-04
 1.69375303e-04 1.42051192e-04 1.46817201e-04 1.46307760e-04
 1.51478374e-04 1.50846795e-04 1.54479769e-04 1.55883856e-04
 1.46847536e-04 1.66105940e-04 1.63692290e-04 1.42869262e-04
 1.55480325e-04 1.59782588e-04 1.44075057e-04 1.43654373e-04
 1.50254977e-04 1.49588495e-04 1.48374243e-04 1.49232086e-04
 1.50500407e-04 1.50632009e-04 1.44621147e-04 1.52833314e-04
 1.50417333e-04 1.53954588e-04 1.49456579e-04 1.55424786e-04
 1.61442080e-04 1.44540041e-04 1.46700468e-04 1.50074007e-04
 1.49516635e-04 1.53168932e-04 1.44128527e-04 1.46375401e-04
 1.49340210e-04 1.41686861e-04 1.40435136e-04 1.43818712e-04
 1.40564434e-04 1.37485048e-04 1.42426534e-04 1.40947938e-04
 1.46553959e-04 1.55761899e-04 1.52298335e-04 1.50505878e-04
 1.49397440e-04 1.46038362e-04 1.47288193e-04 1.45535348e-04
 1.47055661e-04 1.57941685e-04 1.61349951e-04 1.49099194e-04
 1.51337593e-04 1.56777766e-04 1.61789027e-04 1.57132952e-04
 1.55653832e-04 1.63453454e-04 1.59695167e-04 1.52808249e-04
 1.52457329e-04 1.50081508e-04 1.46518959e-04 1.56760572e-04
 1.48281282e-04 1.53865394e-04 1.41886724e-04 1.50958604e-04
 1.42961066e-04 1.43591458e-04 1.41450779e-04 1.43023029e-04
 1.35058525e-04 1.44818855e-04 1.47166285e-04 1.39174957e-04
 1.48316152e-04 1.51008194e-04 1.46878554e-04 1.48003829e-04
 1.46693069e-04 1.47804369e-04 1.53974906e-04 1.48993867e-04
 1.41516389e-04 1.48159183e-04 1.60652938e-04 1.48896736e-04
 1.48676297e-04 1.48889089e-04 1.60172624e-04 1.52699804e-04
 1.45519067e-04 1.44708086e-04 1.46256826e-04 1.45724778e-04
 1.47293688e-04 1.43161876e-04 1.36338011e-04 1.41560603e-04
 1.39029060e-04 1.43620030e-04 1.41736805e-04 1.39500648e-04
 1.39326459e-04 1.33324765e-04 1.35897479e-04 1.33445684e-04
 1.28422064e-04 1.32069923e-04 1.29416140e-04 1.28742835e-04
 1.34734763e-04 1.24448237e-04 1.34053463e-04 1.37782250e-04
 1.32370800e-04 1.35811676e-04 1.46536604e-04 1.40681693e-04
 1.37949545e-04 1.45969080e-04 1.32670306e-04 1.34068212e-04
 1.30057379e-04 1.35308464e-04 1.38949396e-04 1.29607100e-04
 1.31265794e-04 1.35682650e-04 1.35584147e-04 1.30597797e-04
 1.33496357e-04 1.47778326e-04 1.37674787e-04 1.43885013e-04
 1.36019311e-04 1.31943949e-04 1.33180561e-04 1.28142517e-04
 1.28827325e-04 1.32748772e-04 1.27234514e-04 1.28591413e-04
 1.31710822e-04 1.37282878e-04 1.31448375e-04 1.33182509e-04
 1.28590374e-04 1.38725345e-04 1.34743423e-04 1.33563109e-04
 1.34915906e-04 1.29509919e-04 1.31394172e-04 1.30688757e-04
 1.35740629e-04 1.29212418e-04 1.21406593e-04 1.27155662e-04
 1.31181290e-04 1.27816461e-04 1.23742835e-04 1.26260355e-04
 1.19805361e-04 1.26886246e-04 1.29414566e-04 1.32649090e-04
 1.29722270e-04 1.22372504e-04 1.14466171e-04 1.18461468e-04
 1.19508681e-04 1.16545009e-04 1.23734824e-04 1.22267450e-04
 1.13895891e-04 1.09207581e-04 1.13712387e-04 1.16909492e-04
 1.17822029e-04 1.22027871e-04 1.26376256e-04 1.20856499e-04
 1.16533162e-04 1.16009504e-04 1.20005063e-04 1.25056022e-04
 1.12826102e-04 1.17386386e-04 1.11167643e-04 1.13063716e-04
 1.14836679e-04 1.11446757e-04 1.12179556e-04 1.18822490e-04
 1.18151592e-04 1.15530403e-04 1.16220893e-04 1.17102130e-04
 1.11913037e-04 1.17128756e-04 1.18217502e-04 1.16996623e-04
 1.18007182e-04 1.21125407e-04 1.12595688e-04 1.16009790e-04
 1.12181670e-04 1.12449147e-04 1.08094940e-04 1.04768708e-04
 1.06996588e-04 1.11068632e-04 1.21659593e-04 1.10267587e-04
 1.10703805e-04 1.12086290e-04 1.09107721e-04 1.04110648e-04
 1.08084015e-04 1.00421957e-04 1.05670705e-04 1.02664678e-04
 1.07915895e-04 1.05619115e-04 1.01494778e-04 1.18591466e-04
 1.13213580e-04 1.11391620e-04 1.12343209e-04 1.06639466e-04
 1.04321557e-04 1.05560077e-04 1.03039884e-04 1.09141784e-04
 1.10861405e-04 1.13756279e-04 1.07690161e-04 1.03406298e-04
 1.09231507e-04 1.09986697e-04 1.16191509e-04 1.05641451e-04
 1.07758002e-04 1.11016571e-04 1.09512712e-04 1.06302483e-04
 1.09706511e-04 1.11560717e-04 1.09880693e-04 1.18871353e-04
 1.25651738e-04 1.17053510e-04 1.08750531e-04 1.08165606e-04
 1.05721407e-04 1.11732165e-04 1.07705263e-04 1.04467046e-04
 1.12134339e-04 1.10565006e-04 1.08651388e-04 1.04462884e-04
 1.05892613e-04 1.03327869e-04 1.02586288e-04 9.93173702e-05
 9.89485547e-05 1.03667986e-04 1.06591995e-04 1.02510266e-04
 1.05620215e-04 1.12436251e-04 1.19185805e-04 1.16919558e-04
 1.16877734e-04 1.14790866e-04 1.10117498e-04 1.05862347e-04
 1.06521566e-04 1.01069059e-04 9.68789574e-05 9.49550641e-05
 9.54738178e-05 9.13925042e-05 9.95779888e-05 1.02570323e-04
 1.02559284e-04 9.72093527e-05 1.00660827e-04 9.33738318e-05
 9.00068225e-05 8.59698315e-05 8.59351322e-05 9.91596321e-05
 9.73446851e-05 9.78729866e-05 1.05190981e-04 9.89245401e-05
 9.34443248e-05 9.33789924e-05 9.09959757e-05 9.53894445e-05
 9.92259667e-05 9.66513180e-05 9.46404731e-05 9.09487340e-05
 9.09177510e-05 9.27873740e-05 8.85970033e-05 8.83026003e-05
 9.13307553e-05 8.94113549e-05 9.09507848e-05 9.25422764e-05
 1.00086074e-04 9.50971500e-05 9.66667158e-05 9.64176142e-05
 8.93905762e-05 8.81976642e-05 8.30021772e-05 8.83982836e-05
 8.71044187e-05 8.35144259e-05 8.62482420e-05 9.10738044e-05
 8.87950506e-05 9.02170445e-05 9.84516799e-05 9.64788392e-05
 9.27317863e-05 9.97967426e-05 1.00704353e-04 9.97745065e-05
 9.97661772e-05 9.73766000e-05 9.77748461e-05 9.79145506e-05
 1.05075741e-04 1.01678597e-04 9.31040070e-05 9.87024691e-05
 9.15821530e-05 8.67561879e-05 9.21982040e-05 9.39076606e-05
 9.47824636e-05 9.45375833e-05 8.33004252e-05 8.91476566e-05
 8.93760800e-05 9.52458185e-05 9.51747721e-05 9.18414448e-05
 8.83738709e-05 8.41488638e-05 8.63396424e-05 8.99133136e-05
 8.68923808e-05 8.19563264e-05 8.50213895e-05 8.75211055e-05
 8.28690675e-05 8.70349172e-05 9.45795739e-05 9.01214966e-05
 8.31380023e-05 8.26827238e-05 8.51060447e-05 8.52757261e-05
 8.41019441e-05 8.17121207e-05 8.17414587e-05 8.48362346e-05
 8.83163358e-05 8.73426297e-05 8.36630685e-05 7.93085250e-05
 7.85995747e-05 7.61444156e-05 8.23458341e-05 8.20586210e-05
 8.69546615e-05 8.53419992e-05 8.50711436e-05 8.47409355e-05
 9.12088999e-05 8.79383628e-05 8.43145298e-05 7.72815927e-05
 7.68312429e-05 8.31638301e-05 7.92425328e-05 8.09061894e-05
 8.83114227e-05 8.99086856e-05 9.27100646e-05 8.78464164e-05
 9.14675072e-05 9.10762708e-05 8.74957347e-05 8.58689317e-05
 8.19458190e-05 8.46575219e-05 8.55276898e-05 8.36227985e-05
 8.68675808e-05 7.58452262e-05 8.12434772e-05 7.88929970e-05
 8.48927903e-05 8.38055844e-05 8.22714960e-05 8.09545702e-05
 7.97258734e-05 8.21386607e-05 8.14382142e-05 8.26667349e-05
 7.95847633e-05 8.04988247e-05 8.14919875e-05 7.86519669e-05
 7.95028306e-05 8.95917822e-05 8.73175810e-05 9.04135173e-05
 8.61770414e-05 8.98034995e-05 9.00415465e-05 9.07575457e-05
 8.44995262e-05 8.19839645e-05 8.31752411e-05 7.85196812e-05
 8.11898162e-05 7.90863026e-05 7.92664219e-05 7.24389067e-05
 7.02914267e-05 7.47191894e-05 8.16526699e-05 7.18716144e-05
 7.03187844e-05 7.36639325e-05 7.01576970e-05 6.83739906e-05
 6.97238943e-05 7.44407134e-05 7.13286567e-05 6.64060658e-05
 7.07047610e-05 6.66069326e-05 6.61291066e-05 7.38047397e-05
 7.47797374e-05 7.27292435e-05 6.79855917e-05 6.86461480e-05
 7.01404527e-05 6.54193781e-05 6.71498765e-05 6.87489216e-05
 6.85338322e-05 6.61549663e-05 6.02826266e-05 6.00875739e-05
 5.85982157e-05 5.98187561e-05 5.93283889e-05 5.59524946e-05
 6.20877445e-05 5.85825498e-05 5.59084299e-05 5.61570690e-05
 5.98966796e-05 5.87055087e-05 5.51361573e-05 5.36758711e-05
 5.30853437e-05 5.88527905e-05 6.17599742e-05 6.11940424e-05
 6.30900481e-05 5.94578163e-05 5.97428968e-05 6.02057611e-05
 5.77480265e-05 6.01324722e-05 5.25021371e-05 5.20516843e-05
 5.35356961e-05 5.39898590e-05 5.43606993e-05 5.52012392e-05
 5.75261357e-05 5.44377085e-05 5.19900146e-05 5.15194980e-05
 5.23819861e-05 5.56007597e-05 5.18358384e-05 5.21715082e-05
 4.79540227e-05 4.84110638e-05 5.07246034e-05 4.94386076e-05
 5.32496822e-05 5.39801051e-05 5.46747274e-05 5.74086459e-05
 5.77250739e-05 6.36652261e-05 5.96879764e-05 5.84958480e-05
 5.63400795e-05 5.92592904e-05 6.07623697e-05 5.66969574e-05
 5.22112991e-05 5.54263772e-05 5.73065744e-05 5.51755446e-05
 4.86581956e-05 4.88092788e-05 5.08493058e-05 5.23166400e-05
 5.23655383e-05 5.74345019e-05 5.35836847e-05 6.04735830e-05
 6.30564064e-05 5.57441687e-05 5.74721219e-05 5.54834821e-05
 4.85933559e-05 4.74618195e-05 5.01397410e-05 5.44683621e-05
 5.47916866e-05 5.50874486e-05 5.11714659e-05 5.53184862e-05
 5.20421757e-05 4.93751205e-05 4.84998713e-05 5.04016611e-05
 5.15721267e-05 5.65780432e-05 5.67873222e-05 5.51116822e-05
 5.31468613e-05 5.26535652e-05 4.91813742e-05 4.81127207e-05
 4.92411763e-05 5.40489039e-05 5.72684043e-05 5.49905707e-05
 5.33039584e-05 5.46210080e-05 5.02682816e-05 5.08266434e-05
 5.19031577e-05 5.36553718e-05 5.05123184e-05 4.95799130e-05
 4.96599061e-05 4.95478620e-05 5.19742343e-05 4.84992976e-05
 4.40130026e-05 4.47321106e-05 4.80912117e-05 5.06423863e-05
 4.88030747e-05 5.41177177e-05 5.27530000e-05 5.16060091e-05
 5.00347887e-05 5.01557456e-05 4.90198681e-05 4.85491095e-05
 4.86442757e-05 4.92606307e-05 5.49808394e-05 5.26731907e-05
 4.74125639e-05 4.83213017e-05 4.63242097e-05 4.63381227e-05
 4.82307140e-05 4.51660517e-05 4.19282690e-05 4.48129472e-05
 4.11142986e-05 4.22606409e-05 4.64402315e-05 4.73330240e-05
 4.56856509e-05 4.49426161e-05 4.45406511e-05 4.33407921e-05
 4.28367525e-05 4.51905737e-05 4.64918489e-05 4.77329840e-05
 4.58178957e-05 4.53585295e-05 4.49359588e-05 4.81021342e-05
 4.81718077e-05 4.59254641e-05 4.75122617e-05 4.62923162e-05
 4.75618665e-05 4.67740058e-05 4.73630571e-05 4.82529966e-05
 4.49092512e-05 4.13144232e-05 3.99165674e-05 4.11748437e-05
 4.51935557e-05 4.47733214e-05 4.31137855e-05 4.42641523e-05
 4.20890681e-05 4.13411230e-05 4.13924085e-05 4.22328071e-05
 4.11839770e-05 4.54685410e-05 4.71521089e-05 4.38987084e-05
 4.29752378e-05 4.79779446e-05 4.52118553e-05 3.92392409e-05
 4.23816430e-05 4.27707715e-05 4.31984738e-05 4.04246582e-05
 3.87615959e-05 3.81160125e-05 3.79919726e-05 4.30396896e-05
 3.87472444e-05 3.90980634e-05 4.12938143e-05 4.17385688e-05
 4.67623417e-05 4.54155611e-05 4.50427699e-05 4.36066173e-05
 4.32703627e-05 4.46032219e-05 4.65480969e-05 4.79984539e-05
 4.71270112e-05 4.80536059e-05 4.49300617e-05 4.22306051e-05
 4.57399049e-05 4.71272322e-05 4.67034374e-05 4.70516732e-05
 4.70198206e-05 4.07045859e-05 3.97202329e-05 4.15661698e-05
 4.08922566e-05 4.07993308e-05 4.22563393e-05 4.28251691e-05
 4.16105688e-05 4.52790749e-05 4.25193843e-05 4.31610573e-05
 4.12308519e-05 4.01309091e-05 4.07982180e-05 3.82053284e-05
 3.83670840e-05 3.96859040e-05 4.04315433e-05 4.01525662e-05
 3.99287172e-05 4.06762167e-05 3.82394068e-05 3.88558722e-05
 3.74895514e-05 3.76267227e-05 3.65519763e-05 4.10856427e-05
 4.29727933e-05 4.14236266e-05 3.73187622e-05 3.67143012e-05
 3.85126152e-05 3.65814873e-05 3.93660660e-05 3.71065502e-05
 4.16208541e-05 4.15627395e-05 4.13385434e-05 4.44236710e-05
 4.13238457e-05 3.71551185e-05 3.74967624e-05 3.95321123e-05
 3.84577516e-05 3.58396461e-05 3.27535081e-05 3.69104510e-05
 3.57458947e-05 3.58706341e-05 3.91920589e-05 3.92341242e-05
 4.19117034e-05 3.45791921e-05 3.42022185e-05 3.56943606e-05
 3.57511400e-05 3.74226096e-05 4.01357835e-05 4.08069463e-05
 4.03152691e-05 3.49560814e-05 3.60992721e-05 3.63391026e-05
 3.55125796e-05 3.44152382e-05 3.40811883e-05 3.55223068e-05
 3.75305312e-05 3.92140489e-05 3.74933870e-05 4.26849401e-05
 4.05884749e-05 3.97422229e-05 3.56093935e-05 3.82062701e-05
 3.86887820e-05 3.88296433e-05 4.13374512e-05 3.66182082e-05
 3.81219965e-05 3.68634361e-05 3.98978027e-05 4.24260604e-05
 3.63240124e-05 4.06750132e-05 3.85149210e-05 3.60578951e-05
 3.59904370e-05 3.44350766e-05 3.45268891e-05 3.41019082e-05
 3.39232600e-05 3.48331086e-05 3.40307550e-05 3.03338998e-05
 3.10979613e-05 2.80453456e-05 3.08770150e-05 3.51143383e-05
 3.56074709e-05 3.33510862e-05 3.80629651e-05 3.46613589e-05
 3.21274969e-05 3.00494620e-05 3.00534697e-05 3.03957182e-05
 3.35811069e-05 3.28067672e-05 3.17930171e-05 3.05262478e-05
 3.35960462e-05 2.98710945e-05 3.06380504e-05 3.27715581e-05
 3.02951438e-05 3.19320253e-05 3.01800911e-05 3.17944690e-05
 3.21542125e-05 3.05726451e-05 2.99509885e-05 2.86017928e-05
 3.21890778e-05 3.38360328e-05 3.55038232e-05 3.10215005e-05
 3.07974936e-05 2.82406367e-05 2.75858196e-05 2.84384903e-05
 3.07096280e-05 3.13584199e-05 2.95626961e-05 3.26621654e-05
 3.42101065e-05 3.26961171e-05 3.48199742e-05 3.86241755e-05
 3.82025663e-05 3.71776270e-05 3.61490506e-05 3.96480854e-05
 4.08376692e-05 3.97759685e-05 3.39321479e-05 3.52154763e-05
 3.58861717e-05 3.36932251e-05 3.41490121e-05 3.73040981e-05
 3.41797380e-05 3.77760749e-05 3.98931625e-05 3.56610521e-05
 3.58286472e-05 3.83892096e-05 3.38300379e-05 3.22650701e-05
 3.38631072e-05 3.44059769e-05 2.84375080e-05 3.05515739e-05
 3.14126230e-05 2.98993688e-05 3.27180072e-05 3.27670080e-05
 3.28853932e-05 3.72265410e-05 3.61941098e-05 3.75943489e-05
 3.37554284e-05 3.52073086e-05 3.44019148e-05 3.01876450e-05
 2.79674211e-05 2.87612890e-05 3.03393271e-05 3.12237347e-05
 3.01310957e-05 3.87250432e-05 3.37672438e-05 3.52870639e-05
 3.12397581e-05 3.05378860e-05 2.87281560e-05 3.00484646e-05
 2.84117078e-05 2.80184045e-05 3.36805242e-05 3.38199074e-05
 3.40327807e-05 3.41744009e-05 3.44214797e-05 3.14905910e-05
 2.94620957e-05 3.17389048e-05 3.12891248e-05 2.87337383e-05
 3.30129139e-05 2.83351240e-05 2.48954439e-05 2.69346045e-05
 2.81050376e-05 3.01045517e-05 2.69328496e-05 2.67900524e-05
 2.80946175e-05 2.87454817e-05 2.58314543e-05 2.72489513e-05
 3.00100024e-05 2.80618747e-05 2.95728744e-05 3.14422563e-05
 2.77388023e-05 2.60453312e-05 2.46079501e-05 2.29387889e-05
 2.29462248e-05 2.42689742e-05 2.39889584e-05 2.28586763e-05
 2.20709239e-05 2.12531732e-05 1.99553353e-05 2.71393006e-05
 2.71143973e-05 2.91713152e-05 2.52572615e-05 2.91540461e-05
 3.31870252e-05 3.23702399e-05 2.91677610e-05 2.75846910e-05
 2.86767280e-05 2.77033355e-05 2.80360349e-05 2.84916559e-05
 2.84043646e-05 2.46299811e-05 2.38545229e-05 2.62345121e-05
 2.55610690e-05 2.73145451e-05 2.82084612e-05 2.92431317e-05
 2.69441523e-05 2.74537703e-05 2.34617896e-05 2.23420319e-05
 2.41391976e-05 2.19390313e-05 2.19377221e-05 2.15922111e-05
 2.15954449e-05 2.11717362e-05 2.21793494e-05 2.52420496e-05
 2.72461000e-05 2.59294271e-05 2.24838448e-05 2.19205316e-05
 1.96808245e-05 2.46162926e-05 2.44041793e-05 2.34972826e-05
 2.23617741e-05 2.21231269e-05 2.26023894e-05 2.10168316e-05
 2.06355017e-05 2.11839785e-05 2.41400091e-05 2.20704062e-05
 2.35798054e-05 2.20460274e-05 2.01863714e-05 2.17929397e-05
 2.09997521e-05 2.04041022e-05 2.01009666e-05 1.80745944e-05
 1.74026337e-05 1.72153736e-05 1.69660120e-05 1.82233131e-05
 1.82018916e-05 1.51890266e-05 1.78046835e-05 1.80620494e-05
 1.74466902e-05 1.88345962e-05 1.79993278e-05 1.73402922e-05
 2.01103700e-05 1.99015411e-05 2.14110268e-05 1.86111061e-05
 1.99782918e-05 1.84499279e-05 1.70290974e-05 1.60259465e-05
 1.52570816e-05 1.63797316e-05 1.62025544e-05 1.65608198e-05
 1.59765888e-05 1.49378150e-05 1.60655832e-05 1.56692437e-05
 1.74328175e-05 1.70360984e-05 1.76478169e-05 1.56987828e-05
 1.59583055e-05 1.42843735e-05 1.47291970e-05 1.49190476e-05
 1.50768656e-05 1.35854497e-05 1.38243154e-05 1.33738411e-05
 1.49024816e-05 1.54030852e-05 1.53703778e-05 1.47337268e-05
 1.32497039e-05 1.39042581e-05 1.47365481e-05 1.28967279e-05
 1.43597865e-05 1.72646876e-05 1.53935380e-05 1.60389534e-05
 1.62091011e-05 1.44168380e-05 1.47061833e-05 1.31275571e-05
 1.32979363e-05 1.24841995e-05 1.02655330e-05 1.05233859e-05
 1.02759509e-05 1.10009786e-05 1.14853798e-05 1.04883311e-05
 8.33674298e-06 9.62166177e-06 8.62341776e-06 7.39930554e-06
 1.01038298e-05 9.09526827e-06 8.30561205e-06 1.02840108e-05
 1.02682380e-05 8.46649500e-06 7.83725276e-06 8.95019572e-06
 8.63822687e-06 7.95900733e-06 9.37955045e-06 9.15944426e-06
 8.88411072e-06 9.09612829e-06 9.51806376e-06 1.04742509e-05
 1.03136043e-05 8.81918350e-06 1.02537237e-05 1.04749095e-05
 9.64666742e-06 7.41740466e-06 6.48057117e-06 9.37994476e-06
 9.97027656e-06 1.08395073e-05 9.78363324e-06 1.00698579e-05
 9.68556979e-06 1.10249051e-05 1.09024816e-05 1.10402728e-05
 1.13609961e-05 1.13439052e-05 1.28764060e-05 9.62745005e-06
 1.07375229e-05 1.09415588e-05 1.01859692e-05 1.10549792e-05
 1.10182907e-05 8.57749304e-06 8.31950374e-06 6.66640173e-06
 8.11303002e-06 9.07511997e-06 9.48236483e-06 1.03712358e-05
 9.33122789e-06 8.53036697e-06 8.46101066e-06 7.85930211e-06
 9.86687344e-06 1.01171853e-05 9.06255332e-06 9.98109197e-06
 1.00446681e-05 9.51362172e-06 8.08624535e-06 7.97364935e-06
 7.81986796e-06 7.21868679e-06 7.49651696e-06 7.82140359e-06
 8.96094555e-06 8.37328275e-06 9.55784321e-06 1.06978112e-05
 8.73623784e-06 7.53831205e-06 7.09116073e-06 6.60605721e-06
 6.84147032e-06 8.64359448e-06 9.20764490e-06 9.09804631e-06
 1.06632054e-05 8.14075277e-06 7.39739995e-06 7.07693142e-06
 7.12853189e-06 7.86384531e-06 8.06648262e-06 7.62548773e-06
 8.61007161e-06 7.73651236e-06 7.92802545e-06 7.73926466e-06
 9.03110042e-06 9.12808388e-06 9.14479253e-06 9.65257512e-06
 1.02941244e-05 1.12653465e-05 1.27192246e-05 1.27742792e-05
 1.20626942e-05 1.04636049e-05 8.66587458e-06 8.80686044e-06
 9.67962073e-06 8.33362069e-06 8.03487366e-06 8.86254268e-06
 7.23424150e-06 7.44062605e-06 7.01349925e-06 7.03784749e-06
 8.46975669e-06 7.26601662e-06 8.65019368e-06 9.95410564e-06
 9.38682209e-06 7.52279213e-06 5.81515611e-06 5.80080287e-06
 7.51874359e-06 8.32467419e-06 8.10955530e-06 6.52410712e-06
 6.09517918e-06 5.92497985e-06 5.76488405e-06 5.22876113e-06
 6.25058949e-06 6.63581078e-06 7.07615443e-06 6.57708679e-06
 5.39241120e-06 6.40094068e-06 6.08668090e-06 5.98530774e-06
 4.91546318e-06 6.05348772e-06 6.22779093e-06 7.49337024e-06
 4.88965762e-06 6.31162694e-06 5.73482231e-06 5.53440983e-06
 4.79176654e-06 5.86534147e-06 6.09987827e-06 5.60007885e-06
 6.49535343e-06 5.62413851e-06 7.36777677e-06 6.47941832e-06
 4.91004071e-06 6.26123018e-06 6.84975798e-06 6.74293947e-06
 6.29572089e-06 7.17713010e-06 6.39654227e-06 5.81011733e-06
 7.40257414e-06 8.67986496e-06 6.96497225e-06 7.01327709e-06
 7.82150416e-06 7.35691389e-06 4.17890628e-06 3.88614961e-06
 4.26040806e-06 4.32399225e-06 6.17452906e-06 4.35366125e-06
 3.61375957e-06 3.00675713e-06 4.42095684e-06 4.83761033e-06
 3.62034103e-06 4.44900265e-06 5.61564050e-06 8.12230342e-06
 4.44016581e-06 6.16054561e-06 4.24597608e-06 3.99118454e-06
 5.35533863e-06 5.84279219e-06 7.43897772e-06 7.52177201e-06
 8.87481521e-06 5.77667357e-06 7.11800396e-06 7.56777727e-06
 5.77108457e-06 9.13773642e-06 9.13235743e-06 8.11510657e-06
 7.86761288e-06 6.63791752e-06 7.37610516e-06 7.62768980e-06
 8.06436366e-06 5.96370306e-06 7.34220461e-06 3.77682464e-06
 4.05688323e-06 5.57859602e-06 4.90892015e-06 4.69532280e-06
 6.49543950e-06 7.87005188e-06 5.81401652e-06 5.35123391e-06
 5.36476602e-06 5.56077887e-06 4.34356007e-06 3.77432394e-06
 3.08460761e-06 2.34924718e-06 3.11302177e-06 3.90003467e-06
 3.71757277e-06 2.85537429e-06 3.78635785e-06 3.70793264e-06
 3.90030553e-06 3.89318628e-06 3.97047886e-06 3.11511638e-06
 3.70045454e-06 4.35516092e-06 4.43515021e-06 4.70059848e-06
 4.67816859e-06 3.53506082e-06 2.96568635e-06 2.97371302e-06
 3.35612087e-06 3.04684813e-06 3.25927154e-06 3.19269949e-06
 3.27340469e-06 3.91475298e-06 3.99564474e-06 3.93061985e-06
 4.19006875e-06 4.75318824e-06 4.43800104e-06 4.80639822e-06
 4.62634813e-06 5.24984837e-06 5.45857321e-06 5.14539015e-06
 4.61911206e-06 3.44491013e-06 2.68641704e-06 2.58289079e-06
 2.48928321e-06 2.58666743e-06 3.05652544e-06 1.50930522e-06
 1.64746923e-06 2.34682455e-06 2.35142266e-06 2.00785564e-06
 1.35085394e-06 1.43590722e-06 1.11055489e-06 2.06745243e-06
 2.04119833e-06 1.99986816e-06 2.41980666e-06 3.25148232e-06
 2.63032600e-06 2.30023625e-06 1.85099130e-06 1.42377203e-06
 1.98057251e-06 1.14953156e-06 1.30564666e-06 1.51797452e-06
 1.69681052e-06 1.82691553e-06 1.77193354e-06 1.09110923e-06
 1.16417114e-06 8.06023893e-07 8.99048030e-07 8.88899399e-07
 1.02584299e-06 1.14534303e-06 1.76685915e-06 2.04005963e-06
 2.54673770e-06 3.06885877e-06 2.22601121e-06 2.47003652e-06
 2.25936261e-06 2.14837305e-06 2.26708730e-06 1.81834443e-06
 2.64153439e-06 3.04803553e-06 2.86268359e-06 3.17575422e-06
 3.80633764e-06 3.77304023e-06 2.88900236e-06 2.62662076e-06
 2.58370331e-06 3.12103320e-06 4.26920441e-06 3.49492583e-06
 3.77635630e-06 4.01205599e-06 4.24085513e-06 4.82990493e-06
 4.18977051e-06 2.41455260e-06 2.04077957e-06 2.62950428e-06
 2.90789966e-06 2.70570263e-06 2.65296045e-06 3.05943565e-06
 2.86410077e-06 2.73128269e-06 1.93890616e-06 1.26273929e-06
 1.43411197e-06 1.70134691e-06 2.06284791e-06 2.34743575e-06
 2.11415857e-06 1.25451511e-06 1.14412452e-06 1.30722307e-06
 8.66784458e-07 8.89873131e-07 1.35623728e-06 1.13853430e-06
 1.71154745e-06 1.88160461e-06 8.01406171e-07 1.09992562e-06
 8.26387688e-07 9.72059514e-07 7.71987307e-07 1.14360997e-06
 8.00805104e-07 8.49559373e-07 6.79741105e-07 7.51549457e-07
 1.20399284e-06 1.05417907e-06 8.34591214e-07 9.92639892e-07
 6.49546018e-07 5.02837982e-07 7.55360550e-07 6.11470330e-07
 8.99187268e-07 1.12446333e-06 1.67757891e-06 1.46837884e-06
 9.95437285e-07 1.17472083e-06 1.18791922e-06 8.11442117e-07
 1.44981648e-06 1.33046377e-06 1.25548354e-06 9.44092972e-07
 1.40480166e-06 1.81518114e-06 8.45948835e-07 1.28400329e-06
 1.47375403e-06 2.04535676e-06 2.10264471e-06 1.64594734e-06
 2.19972479e-06 1.86759179e-06 7.54656989e-07 1.13086342e-06
 1.91543862e-06 2.06566150e-06 1.71338778e-06 1.04167394e-06
 1.09503043e-06 9.02949805e-07 9.38964606e-07 6.92246474e-07
 1.10851715e-06 5.61757350e-07 9.59921032e-07 1.22657724e-06
 1.60003373e-06 1.12819191e-06 5.17684678e-07 6.02729615e-07
 5.65950393e-07 5.68077045e-07 6.52106566e-07 5.55368275e-07
 5.27732635e-07 1.28410819e-06 1.62964630e-06 1.85546640e-06
 2.05638339e-06 3.14383166e-06 3.16657409e-06 2.72113775e-06
 2.63197553e-06 2.70193859e-06 3.79963017e-06 4.25387755e-06
 3.51130173e-06 4.03921083e-06 3.94169946e-06 3.66811540e-06
 2.63615805e-06 2.08670107e-06 2.59321748e-06 1.33762424e-06
 1.14846664e-06 1.16199745e-06 1.80570692e-06 2.14187934e-06
 3.34965613e-06 2.16149860e-06 2.33995227e-06 1.38364416e-06
 1.87942765e-06 1.58609804e-06 1.50815165e-06 2.45352581e-06
 2.04028792e-06 1.30343504e-06 1.45282497e-06 1.82536669e-06
 2.25584959e-06 2.44024634e-06 2.05288513e-06 2.21758278e-06
 2.52347036e-06 1.62891913e-06 2.36699310e-06 2.82343137e-06
 2.47766046e-06 2.38430782e-06 2.50181233e-06 3.40844665e-06
 3.08374540e-06 2.74737155e-06 2.88642497e-06 3.31372613e-06
 4.17360631e-06 3.76349539e-06 3.17816824e-06 2.47321999e-06
 2.85686339e-06 2.41139889e-06 2.07667111e-06 1.14488309e-06
 1.50166377e-06 1.23171325e-06 1.21091826e-06 7.35892481e-07
 9.93879174e-07 9.81587541e-07 8.52361781e-07 6.36450171e-07
 3.61416292e-07 4.40362762e-07 4.11692928e-07 4.39393105e-07
 4.40687609e-07 8.16593263e-07 4.87429778e-07 4.64267182e-07
 7.27934524e-07 2.37113256e-07 2.54222465e-07 2.19316157e-07
 5.33730650e-07 4.97268136e-07 2.57258762e-07 1.36652294e-07
 2.81651240e-07 3.64115671e-07 8.37436675e-08 2.06657103e-07
 4.12047807e-07 2.60095449e-07 3.96557640e-07 5.86899682e-07
 7.73618586e-07 5.36595576e-07 5.72930841e-07 6.42194827e-07
 6.66329721e-07 3.25631331e-07 7.70615046e-07 1.32188884e-06
 1.95626213e-06 1.72522431e-06 1.15369830e-06 8.18503837e-07
 4.81930488e-07 4.67729961e-07 5.38686515e-07 7.67965945e-07
 9.11796461e-07 5.06612610e-07 5.12928987e-07 8.12137961e-07
 1.05132081e-06 1.39054802e-06 8.52003508e-07 6.89496546e-07
 5.40154404e-07 7.11804409e-07 6.51184384e-07 1.05291960e-06
 1.40909390e-06 9.86856530e-07 1.10960552e-06 1.38085863e-06
 1.44422310e-06 5.31881520e-07 6.15634555e-07 3.61543760e-07
 4.58554681e-07 1.41993222e-06 1.84763159e-06 2.61824765e-06
 1.41662079e-06 1.36816501e-06 1.43795983e-06 1.21373919e-06
 7.68314811e-07 1.11298227e-06 1.18553970e-06 5.44020522e-07
 5.82309568e-07 8.72142208e-07 9.40169710e-07 1.07417223e-06
 1.38509295e-06 7.64447350e-07 9.27442907e-07 1.11475032e-06
 1.36996247e-06 1.89087668e-06 9.67908934e-07 9.91063380e-07
 1.06498980e-06 1.10367642e-06 5.49426715e-07 3.86118673e-07
 4.57090171e-07 4.22693173e-07 4.64647612e-07 5.31557083e-07
 4.14043320e-07 2.99511677e-07 3.22729113e-07 4.57490282e-07
 4.94057831e-07 4.61104057e-07 5.77245251e-07 4.46752353e-07
 3.52532999e-07 3.92919844e-07 3.47294196e-07 4.90290717e-07
 6.06157769e-07 4.17039357e-07 3.88385400e-07 5.18385908e-07
 3.28622760e-07 3.05423530e-07 3.22583996e-07 3.27437825e-07
 2.85386112e-07 4.40717684e-07 6.30559113e-07 6.01980726e-07
 4.90685331e-07 3.06576606e-07 1.59659939e-07 1.71728344e-07
 1.38830339e-07 1.98663392e-07 2.07469605e-07 4.82342395e-07
 8.23319595e-07 8.45579939e-07 8.01049835e-07 6.39078320e-07
 2.29370584e-07 4.46372949e-07 2.63796650e-07 3.92330851e-07
 3.30663586e-07 4.83269345e-07 4.71002140e-07 3.68656986e-07
 2.37422492e-07 4.08336538e-07 5.51615062e-07 6.02961442e-07
 8.85888826e-07 9.64836909e-07 1.00253060e-06 7.86569279e-07
 6.36327867e-07 5.49177550e-07 5.79092144e-07 6.57261664e-07
 5.07989279e-07 3.49108162e-07 6.51584174e-07 8.89181809e-07
 7.72152766e-07 5.78415246e-07 4.99808604e-07 5.47456166e-07
 5.92371082e-07 7.41583752e-07 5.79393672e-07 6.93492439e-07
 4.05792117e-07 4.32719099e-07 3.02760359e-07 2.59845479e-07
 3.04222867e-07 3.38706491e-07 2.82329995e-07 1.93202461e-07
 8.65958041e-07 1.17244652e-06 7.61812520e-07 6.99312020e-07
 6.17754679e-07 5.50102968e-07 6.43995754e-07 4.55664942e-07
 6.13300656e-07 4.24349596e-07 5.00268823e-07 2.63003126e-07
 2.17132398e-07 4.33395693e-07 4.05619196e-07 2.73266908e-07
 1.95720964e-07 3.51122728e-07 4.52432516e-07 7.57397412e-07
 3.69157632e-07 1.43332870e-07 2.33095683e-07 9.20871807e-08
 1.32410594e-07 2.82443399e-07 2.27121340e-07 2.06309785e-07
 2.80286768e-07 1.66132637e-07 1.07702305e-07 1.12367306e-07
 1.96080758e-07 2.13091378e-07 1.53270584e-07 2.13395668e-07
 1.89839134e-07 3.32050933e-07 3.71491823e-07 3.17067438e-07
 5.09472916e-07 3.94393848e-07 4.05011206e-07 2.14174948e-07
 4.33169871e-07 2.40616574e-07 3.96637217e-07 3.05115637e-07
 2.50957772e-07 2.12381529e-07 2.20142452e-07 5.57080590e-07
 4.85888288e-07 6.16720986e-07 6.61994731e-07 5.38991882e-07
 7.11864034e-07 3.89517181e-07 1.17390062e-07 6.25532248e-08
 1.09777797e-07 3.15996565e-07 2.15273217e-07 2.14225358e-07
 3.96956049e-07 2.82055816e-07 8.32847094e-08 1.88717589e-07
 1.05841532e-07 1.19758327e-07 4.92109095e-07 2.06363818e-07
 7.27179710e-08 1.60997890e-07 1.18644414e-07 1.98759811e-07
 2.71684782e-08 1.22151733e-07 1.55855343e-07 2.33700006e-07
 2.71714756e-07 2.90306938e-07 9.42615655e-08 1.19189143e-07
 1.21606790e-07 1.16667324e-07 3.47788871e-07 1.49319498e-07
 3.15255903e-07 1.74444636e-07 2.27998799e-07 2.28889934e-07
 1.05761275e-07 1.00122844e-07 5.03841459e-08 1.10548860e-07
 1.39720072e-07 4.67199892e-08 5.40248473e-08 3.48986459e-08
 5.00970056e-08 8.71352372e-08 1.83266169e-07 3.50814157e-08
 5.43166816e-08 2.89300444e-09 6.75390017e-09 5.06509008e-08
 1.10899905e-07 4.58253543e-08 4.89881414e-09]
---

pm3_incidents
---
[3.88813401e-01 1.19640307e-01 7.68813307e-02 5.46061589e-02
 4.07505805e-02 2.99696431e-02 2.62796039e-02 2.32445920e-02
 2.06336409e-02 1.95562278e-02 1.87241790e-02 1.75440413e-02
 1.69995169e-02 1.84052819e-02 1.85331149e-02 1.95486258e-02
 1.90031873e-02 1.79418657e-02 1.57531040e-02 1.27480442e-02
 9.50460911e-03 6.51868927e-03 4.06236688e-03 2.30425191e-03
 1.18952209e-03 5.15246380e-04 2.02965828e-04 6.67197754e-05
 4.90036550e-05 7.72938489e-06 2.44886187e-06]
---

pm4_delayed_cars
---
[8.36928802e-02 2.03732491e-01 1.63955468e-01 1.50599341e-01
 2.31471078e-02 9.93819393e-01 1.13378735e+02 6.99729266e+02
 1.31933602e+03 1.18634849e+03 6.71502242e+02 3.21673584e+02
 2.43457137e+02 2.34050632e+02 2.78786901e+02 5.84480300e+02
 1.34211651e+03 1.84676928e+03 1.37667698e+03 6.40095510e+02
 2.63393943e+02 1.09197536e+02 6.32572582e+01 3.97584565e+01]
---
